m: 3.74
Iz: 0.04712
lf: 0.19812
lr: 0.13208
wheelbase: 0.3302
h_cg: 0.074
a_max: 7
a_min: -7
v_max: 20.0
v_min: -5.0
max_steering_angle: 0.5
max_steering_velocity: 3.2

# parameters only used for the real car
C_0d: 0.48
C_d: -1.1
C_acc: 8.29
C_dec: 5.77
C_R: 2.03
C_0v: 100
C_v: 20
tau_steer: 0.15779476
